-1.0 0.0010000000 1486.8378359269 -1.8532672742 -802.2792268785
-1.0 0.0011513719 1469.2603364191 -1.8365298099 -800.0198681892
-1.0 0.0013256572 1449.5236314727 -1.8177546232 -797.4253581544
-1.0 0.0015263245 1427.4380853769 -1.7967429805 -794.4586960294
-1.0 0.0017573671 1402.8182142159 -1.7733128582 -791.0720365768
-1.0 0.0020233831 1375.4892573704 -1.7472912804 -787.2123399154
-1.0 0.0023296664 1345.2965491605 -1.7185412390 -782.8130734414
-1.0 0.0026823124 1312.1134519141 -1.6869346723 -777.8092853559
-1.0 0.0030883391 1275.8519016990 -1.6523817545 -772.1290181528
-1.0 0.0035558268 1236.4737897737 -1.6148443772 -765.6922284571
-1.0 0.0040940790 1194.0007048874 -1.5743426751 -758.4122083303
-1.0 0.0047138075 1148.5241048016 -1.5309466103 -750.2051979223
-1.0 0.0054273455 1100.2119010631 -1.4848178699 -740.9743130073
-1.0 0.0062488930 1049.3131403662 -1.4361792292 -730.6282663209
-1.0 0.0071947998 996.1579196807 -1.3853352415 -719.0735424946
-1.0 0.0082838902 941.1524284214 -1.3326614993 -706.2201683889
-1.0 0.0090378383 906.4388220858 -1.2993826784 -697.5918928005
-1.0 0.0100000000 865.6231982852 -1.2602128513 -686.8865028323
-1.0 0.0126439043 770.0010840402 -1.1682296894 -659.1178866609
-1.0 0.0145578360 712.7420514595 -1.1129672083 -640.3980693681
-1.0 0.0167614831 656.3142940297 -1.0583341863 -620.1389906465
-1.0 0.0192987005 601.2439064908 -1.0048033578 -598.3697226411
-1.0 0.0222199813 548.0059411196 -0.9528001650 -575.1530711597
-1.0 0.0255834618 497.0095921657 -0.9026802157 -550.5932039948
-1.0 0.0294560788 448.5881142003 -0.8547253051 -524.8330797285
-1.0 0.0339149011 402.9938408776 -0.8091347758 -498.0552720647
-1.0 0.0390486638 360.3980432010 -0.7660264208 -470.4773013434
-1.0 0.0449595338 320.8949510527 -0.7254401546 -442.3451734975
-1.0 0.0517651434 284.5089761449 -0.6873420471 -413.9263374889
-1.0 0.0596009310 251.2040506187 -0.6516337525 -385.4988322244
-1.0 0.0686228366 220.8941488547 -0.6181619982 -357.3402271339
-1.0 0.0790104051 193.4540324127 -0.5867272591 -329.7171375614
-1.0 0.0909703594 168.7295404397 -0.5570927626 -302.8751255917
-1.0 0.1000000000 153.5670148027 -0.5380741935 -285.4011893892
-1.0 0.1205955146 126.7212450660 -0.5021359463 -252.3644164435
-1.0 0.1388502856 109.0626539356 -0.4762171634 -229.0187383508
-1.0 0.1598683157 93.3823492642 -0.4509142470 -207.0955838794
-1.0 0.1840678848 79.4964863128 -0.4258934995 -186.6581349603
-1.0 0.2119305884 67.2292683898 -0.4008093476 -167.7337836441
-1.0 0.2440109221 56.4150138440 -0.3753041160 -150.3181325389
-1.0 0.2809473166 46.8994247529 -0.3490052531 -134.3802832015
-1.0 0.3234748429 38.5402145148 -0.3215220740 -119.8680203585
-1.0 0.3724398412 31.2072403435 -0.2924403318 -106.7131887952
-1.0 0.4288167638 24.7822666307 -0.2613160448 -94.8363758028
-1.0 0.5000000000 18.6905188013 -0.2245117672 -83.2496177539
-1.0 0.5684640428 14.2396802731 -0.1909598602 -74.5689709712
-1.0 0.6545135194 9.9396919127 -0.1506032106 -65.9992032909
-1.0 0.7535884678 6.1812348030 -0.1059259062 -58.3543254657
-1.0 0.8676605784 2.8950894043 -0.0561607304 -51.5500668376
-1.0 0.9990000000 0.0190855516 -0.0004193992 -45.5068863542
0.0 0.0010000000 1331.7999948802 3.7228443779 357.7372191009
0.0 0.0011513719 1315.3839684885 3.6717717531 358.2423028795
0.0 0.0013256572 1296.9712151887 3.6144906574 358.8254440550
0.0 0.0015263245 1276.3914474693 3.5504550043 359.5008093123
0.0 0.0017573671 1253.4811952417 3.4792205225 360.2764432833
0.0 0.0020233831 1228.0883688650 3.4002426927 361.1766805601
0.0 0.0023296664 1200.0808640288 3.3131353283 362.2190901087
0.0 0.0026823124 1169.3553161489 3.2175907216 363.4257484303
0.0 0.0030883391 1135.8465203653 3.1133922844 364.8260214583
0.0 0.0035558268 1099.5364800353 3.0005047308 366.4505070540
0.0 0.0040940790 1060.4645715647 2.8790463654 368.3388306299
0.0 0.0047138075 1018.7347420244 2.7493411121 370.5377763244
0.0 0.0054273455 974.5217591397 2.6119580219 373.1000846812
0.0 0.0062488930 928.0734747481 2.4676501234 376.0960542842
0.0 0.0071947998 879.7097625611 2.3174442664 379.6034171460
0.0 0.0082838902 829.8165466645 2.1625387556 383.7233180345
0.0 0.0090378383 798.4094804031 2.0650650512 386.6267941186
0.0 0.0100000000 761.5608020493 1.9507377007 390.3963109894
0.0 0.0126439043 675.5657643104 1.6841237583 401.1378385893
0.0 0.0145578360 624.2939645669 1.5253286979 409.2848744067
0.0 0.0167614831 573.9286529814 1.3694987417 419.0793576481
0.0 0.0192987005 524.9293532894 1.2180841755 430.9466979795
0.0 0.0222199813 477.7048981037 1.0723856165 445.4600012968
0.0 0.0255834618 432.6014684018 0.9335061366 463.4157735452
0.0 0.0294560788 389.8950213899 0.8023388215 485.9480944028
0.0 0.0339149011 349.7882783400 0.6795506302 514.7346832146
0.0 0.0390486638 312.4119463092 0.5655883671 552.3662869880
0.0 0.0449595338 277.8293359090 0.4606961899 603.0641060049
0.0 0.0517651434 246.0435911654 0.3649372343 674.2079679246
0.0 0.0596009310 217.0065503566 0.2782211553 779.9786112059
0.0 0.0686228366 190.6283282135 0.2003364725 951.5408043803
0.0 0.0790104051 166.7869107708 0.1309804227 1273.3728243265
0.0 0.0909703594 145.3371700671 0.0697888097 2082.5282834503
0.0 0.1000000000 132.1981705902 0.0330872105 3995.4462385473
0.0 0.1205955146 108.9640525918 -0.0297102759 -3667.5543767686
0.0 0.1388502856 93.7018098921 -0.0688333092 -1361.2858511249
0.0 0.1598683157 80.1637290135 -0.1013877688 -790.6646920879
0.0 0.1840678848 68.1868197002 -0.1277186763 -533.8829188167
0.0 0.2119305884 57.6160373406 -0.1481249126 -388.9692579200
0.0 0.2440109221 48.3058919698 -0.1628512489 -296.6258612231
0.0 0.2809473166 40.1213848849 -0.1720817142 -233.1530986915
0.0 0.3234748429 32.9384153234 -0.1759340963 -187.2201922191
0.0 0.3724398412 26.6437820119 -0.1744543586 -152.7263762738
0.0 0.4288167638 21.1348824775 -0.1676110097 -126.0948342248
0.0 0.5000000000 15.9188223728 -0.1539115604 -103.4283736204
0.0 0.5684640428 12.1136288903 -0.1372802083 -88.2401697971
0.0 0.6545135194 8.4437386738 -0.1132756854 -74.5414926887
0.0 0.7535884678 5.2429271400 -0.0828501146 -63.2820746769
0.0 0.8676605784 2.4515713716 -0.0454458751 -53.9448600295
0.0 0.9990000000 0.0161331546 -0.0003496153 -46.1454530446
1.0 0.0010000000 1332.8269769305 4.3962585968 303.1730157764
1.0 0.0011513719 1316.1013339805 4.3358440240 303.5398244744
1.0 0.0013256572 1297.3500796763 4.2681202399 303.9628704780
1.0 0.0015263245 1276.4037302229 4.1925044468 304.4489866223
1.0 0.0017573671 1253.0989018152 4.1083581725 305.0120873580
1.0 0.0020233831 1227.2859573865 4.0151551831 305.6633931738
1.0 0.0023296664 1198.8359169885 3.9124443416 306.4160949826
1.0 0.0026823124 1167.6501326066 3.7998682011 307.2870086026
1.0 0.0030883391 1133.6691119473 3.6772078922 308.2961706798
1.0 0.0035558268 1096.8828285854 3.5444321831 309.4664453758
1.0 0.0040940790 1057.3391970374 3.4017248326 310.8244343851
1.0 0.0047138075 1015.1522995614 3.2494992293 312.4026897480
1.0 0.0054273455 970.5075237459 3.0884329092 314.2394710494
1.0 0.0062488930 923.6638088452 2.9194625625 316.3814534560
1.0 0.0071947998 874.9515375679 2.7438033585 318.8827416759
1.0 0.0082838902 824.7660840899 2.5628835154 321.8117714463
1.0 0.0090378383 793.2101654912 2.4491540566 323.8710784084
1.0 0.0100000000 756.2212258377 2.3158839382 326.5367548669
1.0 0.0126439043 670.0433515421 2.0055752331 334.0903599521
1.0 0.0145578360 618.7585487058 1.8210709118 339.7772951628
1.0 0.0167614831 568.4501008519 1.6402310058 346.5670986802
1.0 0.0192987005 519.5722271065 1.4647229921 354.7238828935
1.0 0.0222199813 472.5263751322 1.2960176734 364.5987125223
1.0 0.0255834618 427.6498451054 1.1353623495 376.6637543474
1.0 0.0294560788 385.2088559538 0.9837481833 391.5726224497
1.0 0.0339149011 345.3961765336 0.8419109224 410.2526375856
1.0 0.0390486638 308.3328454782 0.7103243338 434.0733250919
1.0 0.0449595338 274.0732557375 0.5892335514 465.1351829903
1.0 0.0517651434 242.6126988926 0.4786715678 506.8458525670
1.0 0.0596009310 213.8963755309 0.3784996323 565.1164685481
1.0 0.0686228366 187.8290521939 0.2884420015 651.1848178458
1.0 0.0790104051 164.2846239246 0.2081184110 789.3805412143
1.0 0.0909703594 143.1150349111 0.1370812750 1044.0159311000
1.0 0.1000000000 130.1536952724 0.0943548903 1379.4059304115
1.0 0.1205955146 107.2449810448 0.0209055691 5129.9718531419
1.0 0.1388502856 92.2042990333 -0.0252234863 -3655.4938435956
1.0 0.1598683157 78.8679194748 -0.0640077342 -1232.1623379471
1.0 0.1840678848 67.0734983733 -0.0958702524 -699.6278479776
1.0 0.2119305884 56.6669323881 -0.1211828651 -467.6150572170
1.0 0.2440109221 47.5038664763 -0.1402565414 -338.6926983062
1.0 0.2809473166 39.4505508520 -0.1533353696 -257.2827845162
1.0 0.3234748429 32.3841857547 -0.1605900944 -201.6574302658
1.0 0.3724398412 26.1928746104 -0.1621130262 -161.5716838090
1.0 0.4288167638 20.7752899781 -0.1579123895 -131.5621278210
1.0 0.5000000000 15.6464880827 -0.1467211961 -106.6409523415
1.0 0.5684640428 11.9054725440 -0.1319129207 -90.2525126272
1.0 0.6545135194 8.2979421163 -0.1096438087 -75.6808999622
1.0 0.7535884678 5.1519524994 -0.0806871534 -63.8509636936
1.0 0.8676605784 2.4088133506 -0.0444918353 -54.1405705726
1.0 0.9990000000 0.0158502347 -0.0003438333 -46.0985973553
