1.0 0.0010000000 1368.6365805956 -17.7107901354 -77.2769916040
1.0 0.0011513719 1359.8984016279 -17.6001302531 -77.2663828092
1.0 0.0013256572 1349.9713459854 -17.4743951860 -77.2542529578
1.0 0.0015263245 1338.7152256652 -17.3318241799 -77.2402957569
1.0 0.0017573671 1325.9801768298 -17.1705260777 -77.2242021488
1.0 0.0020233831 1311.6069714854 -16.9884739014 -77.2056971742
1.0 0.0023296664 1295.4302689001 -16.7835796733 -77.1843846258
1.0 0.0026823124 1277.2800793205 -16.5536794104 -77.1598898138
1.0 0.0030883391 1256.9872865386 -16.2966370239 -77.1316980732
1.0 0.0035558268 1234.3873461378 -16.0103554893 -77.0993090669
1.0 0.0040940790 1209.3276702969 -15.6929086788 -77.0620472627
1.0 0.0047138075 1181.6745971781 -15.3425959522 -77.0192085395
1.0 0.0054273455 1151.3218892666 -14.9580683891 -76.9699575717
1.0 0.0062488930 1118.2006337596 -14.5384440627 -76.9133635577
1.0 0.0071947998 1082.2882361038 -14.0834253085 -76.8483669558
1.0 0.0082838902 1043.6181798084 -13.5934311011 -76.7737131301
1.0 0.0090378383 1018.3815589217 -13.2736318813 -76.7221486950
1.0 0.0100000000 987.8436287311 -12.8866264703 -76.6564958650
1.0 0.0126439043 912.3875022444 -11.9302400758 -76.4768769485
1.0 0.0145578360 864.3701016308 -11.3215117949 -76.3475865493
1.0 0.0167614831 814.7905359834 -10.6928588795 -76.1995033477
1.0 0.0192987005 764.0841967352 -10.0497750478 -76.0299800844
1.0 0.0222199813 712.7291287820 -9.3982805893 -75.8361193851
1.0 0.0255834618 661.2285857180 -8.7447191589 -75.6146165134
1.0 0.0294560788 610.0914884006 -8.0954979992 -75.3618231348
1.0 0.0339149011 559.8125653520 -7.4568421640 -75.0736777092
1.0 0.0390486638 510.8535400688 -6.8345538257 -74.7457044159
1.0 0.0449595338 463.6269492740 -6.2338075775 -74.3729965212
1.0 0.0517651434 418.4838838069 -5.6589943821 -73.9502207550
1.0 0.0596009310 375.7059390954 -5.1136192323 -73.4716297853
1.0 0.0686228366 335.5018827964 -4.6002586031 -72.9310918674
1.0 0.0790104051 298.0084480350 -4.1205698434 -72.3221445973
1.0 0.0909703594 263.2946941663 -3.6753457392 -71.6380751218
1.0 0.1000000000 241.5539771259 -3.3957971287 -71.1332179079
1.0 0.1205955146 202.1876708876 -2.8876880672 -70.0171438826
1.0 0.1388502856 175.6647055610 -2.5434055548 -69.0667303243
1.0 0.1598683157 151.6811136057 -2.2301299755 -68.0144723721
1.0 0.1840678848 130.0941117590 -1.9459246139 -66.8546514240
1.0 0.2119305884 110.7452494417 -1.6886424557 -65.5824144837
1.0 0.2440109221 93.4674227856 -1.4560149047 -64.1940013684
1.0 0.2809473166 78.0906741671 -1.2457231820 -62.6870201164
1.0 0.3234748429 64.4467828439 -1.0554548185 -61.0606742353
1.0 0.3724398412 52.3727478775 -0.8829456070 -59.3159391250
1.0 0.4288167638 41.7132884967 -0.7260078142 -57.4557018289
1.0 0.5000000000 31.5386583324 -0.5702870474 -55.3031293184
1.0 0.5684640428 24.0648787857 -0.4505675324 -53.4101484411
1.0 0.6545135194 16.8156866687 -0.3281727535 -51.2403497493
1.0 0.7535884678 10.4610535300 -0.2135527486 -48.9858060841
1.0 0.8676605784 4.8976609524 -0.1049686907 -46.6583027565
1.0 0.9990000000 0.0322460988 -0.0007283847 -44.2706954483
