-12.5 0.0010000000 123 123 6.641591425802564
-12.5 0.0100000000 123 123 6.757385038946535
-12.5 0.1000000000 123 123 7.994067665666313
-10.0 0.0010000000 234.2089693397 35.5573877861 6.5867878357
-10.0 0.0100000000 156.2113124188 23.3132451113 6.7005391859
-10.0 0.1000000000 33.2618120081 4.2084893734 7.9035038602
-9.9 0.0010000000 234.1858077893 35.5122939161 6.5944995934
-9.9 0.0100000000 156.2133051185 23.2849537657 6.7087659563
-9.9 0.1000000000 33.2665683932 4.2016741629 7.9174555436
-9.8 0.0010000000 234.1808186000 35.5508431661 6.5872085651
-9.8 0.0100000000 156.2130137177 23.3099996529 6.7015450898
-9.8 0.1000000000 33.2622435125 4.2026964243 7.9145006336
-9.7 0.0010000000 234.1479842557 35.5468363337 6.5870273815
-9.7 0.0100000000 156.2048693049 23.3106243102 6.7010161215
-9.7 0.1000000000 33.2667683035 4.2066052482 7.9082220319
-9.6 0.0010000000 234.2121027200 35.4814913198 6.6009655741
-9.6 0.0100000000 156.1989230279 23.2560329120 6.7164904530
-9.6 0.1000000000 33.2504249283 4.1856463325 7.9439164915
-9.5 0.0010000000 234.2076031200 35.5407912419 6.5898252384
-9.5 0.0100000000 156.2162358032 23.3008263989 6.7043216892
-9.5 0.1000000000 33.2601635036 4.2004581852 7.9182227359
-9.4 0.0010000000 234.1670648359 35.4869995144 6.5986718528
-9.4 0.0100000000 156.2082878217 23.2683476023 6.7133382435
-9.4 0.1000000000 33.2675485672 4.1969054519 7.9266852562
-9.3 0.0010000000 234.2154026737 35.5089585528 6.5959524644
-9.3 0.0100000000 156.2076693556 23.2757777922 6.7111686127
-9.3 0.1000000000 33.2530021585 4.1903900611 7.9355386191
-9.2 0.0010000000 234.1631243293 35.4784298849 6.6001546599
-9.2 0.0100000000 156.2265232708 23.2675430924 6.7143540962
-9.2 0.1000000000 33.2759670353 4.2001748815 7.9225194126
-9.1 0.0010000000 234.1324847818 35.5339154814 6.5889863701
-9.1 0.0100000000 156.1996246873 23.3025451400 6.7031143486
-9.1 0.1000000000 33.2679875892 4.2048395496 7.9118328289
-9.0 0.0010000000 234.1751103620 35.5122507444 6.5942063782
-9.0 0.0100000000 156.2132779586 23.2862228327 6.7083991715
-9.0 0.1000000000 33.2665907749 4.2018649637 7.9171013497
-8.9 0.0010000000 234.1755130011 35.5678702994 6.5839059530
-8.9 0.0100000000 156.2137962925 23.3222111803 6.6980697107
-8.9 0.1000000000 33.2637635561 4.2057269165 7.9091591576
-8.8 0.0010000000 234.1427044869 35.5037920477 6.5948646886
-8.8 0.0100000000 156.2078589310 23.2823025385 6.7092959845
-8.8 0.1000000000 33.2708184382 4.2005381754 7.9206085146
-8.7 0.0010000000 234.2156147367 35.4925749529 6.5990031731
-8.7 0.0100000000 156.2033135195 23.2641171188 6.7143452177
-8.7 0.1000000000 33.2500490002 4.1875693657 7.9401786803
-8.6 0.0010000000 234.2037117676 35.5103988398 6.5953557104
-8.6 0.0100000000 156.1929186844 23.2748623614 6.7107988120
-8.6 0.1000000000 33.2492951730 4.1888416126 7.9375871059
-8.5 0.0010000000 234.2260561768 35.4622028698 6.6049494172
-8.5 0.0100000000 156.2171102459 23.2445155002 6.7206008336
-8.5 0.1000000000 33.2553311538 4.1833737553 7.9494047385
-8.4 0.0010000000 234.2059602229 35.5099339406 6.5955053765
-8.4 0.0100000000 156.2048907249 23.2768195334 6.7107488848
-8.4 0.1000000000 33.2514781316 4.1898281893 7.9362390601
-8.3 0.0010000000 234.2267569192 35.4553410359 6.6062474673
-8.3 0.0100000000 156.2195448074 23.2407421916 6.7217967275
-8.3 0.1000000000 33.2572958343 4.1839163620 7.9488433699
-8.2 0.0010000000 234.1544517914 35.5335297547 6.5896761005
-8.2 0.0100000000 156.1947434817 23.2984117008 6.7040940596
-8.2 0.1000000000 33.2607869283 4.2016442277 7.9161359520
-8.1 0.0010000000 234.1614995199 35.5281958930 6.5908637811
-8.1 0.0100000000 156.2275848822 23.3015346069 6.7046049764
-8.1 0.1000000000 33.2751115399 4.2074545783 7.9086086186
-8.0 0.0010000000 234.1955638043 35.5781441765 6.5825682937
-8.0 0.0100000000 156.2054613917 23.3267292627 6.6964150710
-8.0 0.1000000000 33.2597685293 4.2092823322 7.9015295019
-7.9 0.0010000000 234.1534338683 35.5516926692 6.5862808853
-7.9 0.0100000000 156.2228594246 23.3176630700 6.6997648502
-7.9 0.1000000000 33.2756991810 4.2117543363 7.9006742854
-7.8 0.0010000000 234.1529161631 35.5315674309 6.5899968139
-7.8 0.0100000000 156.2144230401 23.3021530046 6.7038622143
-7.8 0.1000000000 33.2715126847 4.2066687369 7.9092305018
-7.7 0.0010000000 233.4662520998 35.6439410477 6.5499561843
-7.7 0.0100000000 155.5707432027 23.3475243601 6.6632650556
-7.7 0.1000000000 33.0500664405 4.2026497585 7.8641020165
-7.6 0.0010000000 233.5077029236 35.6339347594 6.5529587036
-7.6 0.0100000000 155.5992093232 23.3414204333 6.6662270948
-7.6 0.1000000000 33.0532579956 4.2014870316 7.8670379671
-7.5 0.0010000000 233.5468656245 35.5908851834 6.5619853067
-7.5 0.0100000000 155.6007414235 23.3076362956 6.6759554444
-7.5 0.1000000000 33.0467034834 4.1905357996 7.8860329713
-7.4 0.0010000000 233.4753412300 35.6549919799 6.5481810054
-7.4 0.0100000000 155.5689126091 23.3540848871 6.6613148561
-7.4 0.1000000000 33.0468372999 4.2043774240 7.8601024521
-7.3 0.0010000000 233.5468753309 35.6122880837 6.5580418417
-7.3 0.0100000000 155.5731681791 23.3161298728 6.6723409514
-7.3 0.1000000000 33.0321406739 4.1878066637 7.8876947593
-7.2 0.0010000000 233.5175728674 35.6107575587 6.5575008474
-7.2 0.0100000000 155.5777715753 23.3190841184 6.6716930556
-7.2 0.1000000000 33.0399499398 4.1896188542 7.8861469479
-7.1 0.0010000000 233.5720943396 35.5556190375 6.5692034244
-7.1 0.0100000000 155.6387496623 23.2890635369 6.6829114625
-7.1 0.1000000000 33.0599451830 4.1906762316 7.8889285060
-7.0 0.0010000000 233.5566889174 35.5963444151 6.5612548916
-7.0 0.0100000000 155.5944468721 23.3085979981 6.6754099446
-7.0 0.1000000000 33.0421995096 4.1891386330 7.8875879755
-6.9 0.0010000000 233.5378737865 35.6143499817 6.5574094124
-6.9 0.0100000000 155.6010389794 23.3239064732 6.6713112213
-6.9 0.1000000000 33.0455217258 4.1927519664 7.8815827864
-6.8 0.0010000000 233.5144769802 35.5960112961 6.5601304325
-6.8 0.0100000000 155.5734915072 23.3082051209 6.6746234084
-6.8 0.1000000000 33.0369756797 4.1856538205 7.8929068424
-6.7 0.0010000000 233.5884402397 35.5448077808 6.5716613712
-6.7 0.0100000000 155.6259061440 23.2750014469 6.6863972704
-6.7 0.1000000000 33.0457630847 4.1784436967 7.9086295002
-6.6 0.0010000000 233.5187109031 35.6209159163 6.5556627306
-6.6 0.0100000000 155.6056338375 23.3335504531 6.6687508251
-6.6 0.1000000000 33.0564743670 4.2029580448 7.8650498089
-6.5 0.0010000000 233.5159023418 35.6236483950 6.5550810448
-6.5 0.0100000000 155.5916816541 23.3317122445 6.6686782360
-6.5 0.1000000000 33.0484502145 4.1964995878 7.8752420971
-6.4 0.0010000000 233.4721143900 35.6357767927 6.5516213032
-6.4 0.0100000000 155.5956093127 23.3475400036 6.6643256330
-6.4 0.1000000000 33.0618315343 4.2081034230 7.8567060290
-6.3 0.0010000000 233.5173086674 35.6864753454 6.5435800652
-6.3 0.0100000000 155.6135884804 23.3814064071 6.6554417545
-6.3 0.1000000000 33.0619599675 4.2180364935 7.8382346901
-6.2 0.0010000000 233.4952671995 35.6605624999 6.5477168847
-6.2 0.0100000000 155.6290515795 23.3688246993 6.6596867229
-6.2 0.1000000000 33.0706749391 4.2159110332 7.8442535145
-6.1 0.0010000000 233.5614978621 35.5839855665 6.5636688567
-6.1 0.0100000000 155.5836079864 23.2964618070 6.6784222117
-6.1 0.1000000000 33.0336904743 4.1819638009 7.8990857040
-6.0 0.0010000000 233.5085745610 35.6159818400 6.5562863214
-6.0 0.0100000000 155.6026854858 23.3311205804 6.6693189875
-6.0 0.1000000000 33.0571174771 4.2024178923 7.8662137665
-5.9 0.0010000000 233.5637702602 35.6036865355 6.5601007364
-5.9 0.0100000000 155.6125459767 23.3170500256 6.6737664416
-5.9 0.1000000000 33.0491793240 4.1939430586 7.8802165081
-5.8 0.0010000000 233.4697997594 35.6509199624 6.5487734960
-5.8 0.0100000000 155.5823080677 23.3540793679 6.6618900115
-5.8 0.1000000000 33.0544302028 4.2047814661 7.8611529443
-5.7 0.0010000000 233.4902954146 35.6444220935 6.5505423205
-5.7 0.0100000000 155.6125680683 23.3549105050 6.6629485921
-5.7 0.1000000000 33.0650783307 4.2110366686 7.8520043715
-5.6 0.0010000000 233.5276140205 35.6224595278 6.5556285870
-5.6 0.0100000000 155.6033547531 23.3312255805 6.6693176583
-5.6 0.1000000000 33.0487566869 4.1954659133 7.8772554395
-5.5 0.0010000000 233.5386711150 35.5813945711 6.5635052794
-5.5 0.0100000000 155.5858584805 23.2980459011 6.6780647244
-5.5 0.1000000000 33.0376390141 4.1828624017 7.8983327303
-5.4 0.0010000000 233.4931265322 35.6483733890 6.5498956708
-5.4 0.0100000000 155.6015281890 23.3554115318 6.6623329663
-5.4 0.1000000000 33.0586458391 4.2103373982 7.8517806799
-5.3 0.0010000000 233.5084863302 35.6313222641 6.5534611542
-5.3 0.0100000000 155.5624449670 23.3315588345 6.6674689879
-5.3 0.1000000000 33.0350964346 4.1931505124 7.8783473994
-5.2 0.0010000000 233.5037954732 35.6158450058 6.5561773260
-5.2 0.0100000000 155.5825204616 23.3253860827 6.6700941159
-5.2 0.1000000000 33.0451335780 4.1933231111 7.8804167249
-5.1 0.0010000000 233.5703721394 35.6363614213 6.5542710542
-5.1 0.0100000000 155.5844182234 23.3318637286 6.6683236296
-5.1 0.1000000000 33.0331491247 4.1912155783 7.8815199333
-5.0 0.0010000000 233.5420490530 35.6204690881 6.5564001551
-5.0 0.0100000000 155.6345055441 23.3367204223 6.6690821473
-5.0 0.1000000000 33.0633498484 4.2050616898 7.8627502490
-4.9 0.0010000000 233.5647990615 35.5907744199 6.5625096073
-4.9 0.0100000000 155.5964902281 23.3045110848 6.6766682923
-4.9 0.1000000000 33.0384639966 4.1872744247 7.8902074823
-4.8 0.0010000000 233.4727374366 35.6516181729 6.5487276427
-4.8 0.0100000000 155.5815001908 23.3550107609 6.6615897455
-4.8 0.1000000000 33.0524292725 4.2066263090 7.8572297239
-4.7 0.0010000000 233.5100393388 35.6285656423 6.5540117916
-4.7 0.0100000000 155.6056365653 23.3394782485 6.6670572028
-4.7 0.1000000000 33.0564240213 4.2030120977 7.8649366819
-4.6 0.0010000000 233.5102332363 35.6336077727 6.5530898450
-4.6 0.0100000000 155.6019048137 23.3428369995 6.6659380270
-4.6 0.1000000000 33.0584655780 4.2061139462 7.8596219696
-4.5 0.0010000000 233.4776653217 35.6454998046 6.5499899455
-4.5 0.0100000000 155.6165279325 23.3580992231 6.6622085319
-4.5 0.1000000000 33.0689943561 4.2127318047 7.8497744194
-4.4 0.0010000000 233.4732668013 35.6415719145 6.5505883793
-4.4 0.0100000000 155.5888862489 23.3498311288 6.6633837903
-4.4 0.1000000000 33.0578973670 4.2069144155 7.8579914165
-4.3 0.0010000000 233.5328852532 35.5720093992 6.5650743154
-4.3 0.0100000000 155.6242275488 23.3018659303 6.6786165543
-4.3 0.1000000000 33.0611673813 4.1947897899 7.8814837064
-4.2 0.0010000000 233.5598075924 35.6010502943 6.5604752012
-4.2 0.0100000000 155.5986499669 23.3131545154 6.6742855354
-4.2 0.1000000000 33.0413826352 4.1917142269 7.8825465779
-4.1 0.0010000000 233.5844128925 35.5321000793 6.5738983165
-4.1 0.0100000000 155.6129273167 23.2643045530 6.6889137804
-4.1 0.1000000000 33.0423895391 4.1761097787 7.9122416053
-4.0 0.0010000000 233.5417229662 35.5943014945 6.5612110130
-4.0 0.0100000000 155.5882826741 23.3074825326 6.6754649481
-4.0 0.1000000000 33.0412518004 4.1881128902 7.8892934996
-3.9 0.0010000000 233.5219291686 35.6078577365 6.5581572162
-3.9 0.0100000000 155.5978079438 23.3222782181 6.6716384432
-3.9 0.1000000000 33.0483574122 4.1961049029 7.8759607248
-3.8 0.0010000000 233.5927798631 35.5299686485 6.5745281729
-3.8 0.0100000000 155.6251228648 23.2646414709 6.6893411213
-3.8 0.1000000000 33.0457598910 4.1774536487 7.9105030647
-3.7 0.0010000000 233.4977538410 35.6324244857 6.5529572352
-3.7 0.0100000000 155.5993337196 23.3432147316 6.6657200179
-3.7 0.1000000000 33.0604197655 4.2072461963 7.8579712769
-3.6 0.0010000000 233.4863182698 35.6518276153 6.5490701007
-3.6 0.0100000000 155.6148335814 23.3608800434 6.6613429499
-3.6 0.1000000000 33.0675281217 4.2129108770 7.8490927264
-3.5 0.0010000000 233.5442543926 35.6203935332 6.5564759742
-3.5 0.0100000000 155.6359979751 23.3379470643 6.6687955691
-3.5 0.1000000000 33.0679166587 4.2092474620 7.8560162969
-3.4 0.0010000000 233.5614192111 35.5670826291 6.5667859702
-3.4 0.0100000000 155.6397783110 23.2994379261 6.6799799551
-3.4 0.1000000000 33.0654975391 4.1973097660 7.8777834811
-3.3 0.0010000000 233.5198826299 35.6526681934 6.5498571205
-3.3 0.0100000000 155.6232967617 23.3598499565 6.6619989877
-3.3 0.1000000000 33.0632913506 4.2130073470 7.8479073563
-3.2 0.0010000000 233.5145835721 35.6191587239 6.5558702658
-3.2 0.0100000000 155.5939824642 23.3300067499 6.6692643569
-3.2 0.1000000000 33.0520909102 4.1992323536 7.8709840578
-3.1 0.0010000000 233.4758544831 35.6364904259 6.5515950559
-3.1 0.0100000000 155.6032750654 23.3488038886 6.6642932035
-3.1 0.1000000000 33.0626495570 4.2072258837 7.8585392064
-3.0 0.0010000000 233.5130827590 35.6201315670 6.5556490806
-3.0 0.0100000000 155.6137138373 23.3356295929 6.6685029096
-3.0 0.1000000000 33.0605135628 4.2038426950 7.8643555341
-2.9 0.0010000000 233.5548937323 35.5532794519 6.5691519132
-2.9 0.0100000000 155.6154707284 23.2833245806 6.6835588788
-2.9 0.1000000000 33.0498264346 4.1834479042 7.9001405520
-2.8 0.0010000000 233.5515961496 35.6075331294 6.5590501679
-2.8 0.0100000000 155.5990599782 23.3174094688 6.6730851978
-2.8 0.1000000000 33.0440098961 4.1910325215 7.8844556147
-2.7 0.0010000000 233.4861011436 35.6187163936 6.5551520320
-2.7 0.0100000000 155.5847592528 23.3311170003 6.6685516708
-2.7 0.1000000000 33.0512389623 4.1986526482 7.8718678899
-2.6 0.0010000000 233.4585606166 35.6522885235 6.5482068693
-2.6 0.0100000000 155.6083820239 23.3635876561 6.6602948278
-2.6 0.1000000000 33.0695475166 4.2146368786 7.8463574607
-2.5 0.0010000000 233.5297600986 35.6687733116 6.5471766595
-2.5 0.0100000000 155.5976188125 23.3643367701 6.6596206151
-2.5 0.1000000000 33.0533511519 4.2115222129 7.8483145715
-2.4 0.0010000000 233.4892433132 35.6373783316 6.5518075191
-2.4 0.0100000000 155.5908682266 23.3446921349 6.6649355377
-2.4 0.1000000000 33.0547846873 4.2031535597 7.8642819534
-2.3 0.0010000000 233.5001076109 35.6021528370 6.5585951692
-2.3 0.0100000000 155.5957263338 23.3204655455 6.6720677608
-2.3 0.1000000000 33.0531615609 4.1966576097 7.8760682036
-2.2 0.0010000000 233.4915957954 35.6489462275 6.5497474822
-2.2 0.0100000000 155.5791497229 23.3499900900 6.6629214455
-2.2 0.1000000000 33.0474805075 4.2032530414 7.8623580788
-2.1 0.0010000000 233.5655518581 35.5743960191 6.5655521385
-2.1 0.0100000000 155.5803352819 23.2891679344 6.6803732843
-2.1 0.1000000000 33.0328669062 4.1808723052 7.9009509248
-2.0 0.0010000000 233.5630727955 35.6054880650 6.5597492266
-2.0 0.0100000000 155.6361063634 23.3251203249 6.6724674598
-2.0 0.1000000000 33.0633895368 4.2046242394 7.8635777312
-1.9 0.0010000000 233.5550716119 35.6168069369 6.5574399195
-1.9 0.0100000000 155.6428025426 23.3350498630 6.6699151472
-1.9 0.1000000000 33.0669039084 4.2075781074 7.8588924707
-1.8 0.0010000000 233.5030372101 35.6219306509 6.5550359833
-1.8 0.0100000000 155.5920212679 23.3330401080 6.6683132823
-1.8 0.1000000000 33.0522982629 4.1999458179 7.8696963475
-1.7 0.0010000000 233.5468069017 35.5745047409 6.5650051519
-1.7 0.0100000000 155.6479972079 23.3078950884 6.6779087780
-1.7 0.1000000000 33.0702477296 4.2003388028 7.8732333943
-1.6 0.0010000000 233.4957590327 35.6673681501 6.5464813117
-1.6 0.0100000000 155.5734960101 23.3612808548 6.6594591700
-1.6 0.1000000000 33.0462179837 4.2061260367 7.8566875303
-1.5 0.0010000000 233.5120025849 35.6186185543 6.5558972263
-1.5 0.0100000000 155.5924206353 23.3284559070 6.6696407707
-1.5 0.1000000000 33.0476010462 4.1946327283 7.8785446038
-1.4 0.0010000000 233.5378015111 35.5756943627 6.5645324904
-1.4 0.0100000000 155.6287459134 23.3047839007 6.6779742124
-1.4 0.1000000000 33.0623010512 4.1958052578 7.8798464227
-1.3 0.0010000000 233.5080242530 35.6173320454 6.5560223308
-1.3 0.0100000000 155.6006311329 23.3316627268 6.6690759658
-1.3 0.1000000000 33.0562296113 4.2022436048 7.8663287330
-1.2 0.0010000000 233.5213273556 35.6283673198 6.5543651007
-1.2 0.0100000000 155.6156983441 23.3405011156 6.6671961143
-1.2 0.1000000000 33.0606324799 4.2048665497 7.8624689009
-1.1 0.0010000000 233.5672414136 35.6070923096 6.5595707558
-1.1 0.0100000000 155.6418827589 23.3266104040 6.6722888608
-1.1 0.1000000000 33.0636793120 4.2042932737 7.8642656825
-1.0 0.0010000000 232.1126885382 36.0334170277 6.4415952659
-1.0 0.0100000000 153.8517138150 23.4809283831 6.5521989295
-1.0 0.1000000000 32.3643936653 4.1877590226 7.7283323826
-0.9 0.0010000000 230.6941436226 36.3243536024 6.3509497278
-0.9 0.0100000000 152.4610336505 23.6070280988 6.4582900064
-0.9 0.1000000000 31.8912871749 4.1983620569 7.5961259993
-0.8 0.0010000000 229.3445114928 36.5376806990 6.2769312968
-0.8 0.0100000000 151.0032097165 23.6631949099 6.3813534179
-0.8 0.1000000000 31.3604436368 4.1873257672 7.4893727836
-0.7 0.0010000000 211.8086426609 37.9295588824 5.5842632739
-0.7 0.0100000000 137.1716603486 24.1855475480 5.6716375793
-0.7 0.1000000000 27.6618198098 4.1883809461 6.6044183101
-0.6 0.0010000000 172.3449630958 39.3210672936 4.3830184417
-0.6 0.0100000000 109.4681394048 24.6465883001 4.4415128809
-0.6 0.1000000000 21.2361352941 4.1975307688 5.0591970527
-0.5 0.0010000000 172.5161996562 38.9629702255 4.4276963142
-0.5 0.0100000000 109.3543827296 24.3449548601 4.4918704248
-0.5 0.1000000000 21.1475999456 4.0846073987 5.1773886402
-0.4 0.0010000000 172.3921791211 39.1174585065 4.4070393554
-0.4 0.0100000000 109.3804415448 24.4702491620 4.4699357502
-0.4 0.1000000000 21.1809837968 4.1152188108 5.1469884763
-0.3 0.0010000000 172.3265674947 39.3391817959 4.3805325792
-0.3 0.0100000000 109.3943437038 24.6349947074 4.4406075586
-0.3 0.1000000000 21.2026392765 4.1746122413 5.0789481875
-0.2 0.0010000000 172.3267970984 39.2840813553 4.3866826244
-0.2 0.0100000000 109.2957784674 24.5698602847 4.4483679272
-0.2 0.1000000000 21.1586730470 4.1444015334 5.1053627108
-0.1 0.0010000000 172.2297881032 39.3116132923 4.3811427128
-0.1 0.0100000000 109.3222831300 24.6124151248 4.4417535856
-0.1 0.1000000000 21.1880624550 4.1649891606 5.0871830966
0.0 0.0010000000 172.4130417768 39.2039873619 4.3978445403
0.0 0.0100000000 109.4676861410 24.5489980690 4.4591508718
0.0 0.1000000000 21.2124387780 4.1476291340 5.1143528249
0.1 0.0010000000 172.3994980129 39.2588366723 4.3913552368
0.1 0.0100000000 109.4372435056 24.5792652319 4.4524212776
0.1 0.1000000000 21.2054286386 4.1558775716 5.1025152386
0.2 0.0010000000 172.5606360149 39.1231336102 4.4107058942
0.2 0.0100000000 109.5963972198 24.5135137844 4.4708562870
0.2 0.1000000000 21.2513284777 4.1601818915 5.1082690689
0.3 0.0010000000 167.6931570960 39.8061936846 4.2127403194
0.3 0.0100000000 105.1683304332 24.6287181941 4.2701503832
0.3 0.1000000000 20.0015886344 4.0960470260 4.8831442870
0.4 0.0010000000 160.7056641597 42.4344270520 3.7871529163
0.4 0.0100000000 97.8969125826 25.5075734161 3.8379547512
0.4 0.1000000000 17.9077723754 4.0839504310 4.3849142338
0.5 0.0010000000 159.3821218024 44.0647858760 3.6169952635
0.5 0.0100000000 95.5887795172 26.0904233347 3.6637496560
0.5 0.1000000000 17.1146554707 4.1060596304 4.1681458652
0.6 0.0010000000 158.7865979644 45.1536498297 3.5165838988
0.6 0.0100000000 94.0496656639 26.4096060985 3.5611915344
0.6 0.1000000000 16.5679866179 4.1006794804 4.0403027589
0.7 0.0010000000 159.8199292367 47.9180379995 3.3352769836
0.7 0.0100000000 91.8159758439 27.1803794226 3.3780240672
0.7 0.1000000000 15.5978537225 4.0610687248 3.8408248615
0.8 0.0010000000 160.4224155197 49.1284486748 3.2653670093
0.8 0.0100000000 90.8801797483 27.4807883265 3.3070441309
0.8 0.1000000000 15.2133664152 4.0492474756 3.7570848674
0.9 0.0010000000 161.9033335710 50.2862029933 3.2196372749
0.9 0.0100000000 90.4836955194 27.7455439200 3.2611973937
0.9 0.1000000000 14.9292807616 4.0244485292 3.7096463411
1.0 0.0010000000 165.4750197985 53.4659554827 3.0949604904
1.0 0.0100000000 89.6040470946 28.5766901478 3.1355642179
1.0 0.1000000000 14.3474055093 4.0156731074 3.5728519542
1.1 0.0010000000 167.9582425466 54.3711266849 3.0891072668
1.1 0.0100000000 90.1524408650 28.8225974246 3.1278388806
1.1 0.1000000000 14.3081174811 4.0386622074 3.5427863848
1.2 0.0010000000 169.5839099773 54.3698921880 3.1190775474
1.2 0.0100000000 90.4784009976 28.6367053354 3.1595255089
1.2 0.1000000000 14.2879783143 3.9734320177 3.5958783869
1.3 0.0010000000 174.3453920006 56.5118899956 3.0851099125
1.3 0.0100000000 91.1087457726 29.1460880059 3.1259339419
1.3 0.1000000000 14.1261201916 3.9612906630 3.5660398071
1.4 0.0010000000 178.0480379099 58.0965738648 3.0646908426
1.4 0.0100000000 91.9191856876 29.6060280377 3.1047456137
1.4 0.1000000000 14.1232709595 3.9941859516 3.5359572966
1.5 0.0010000000 180.3715007657 58.3787631138 3.0896766417
1.5 0.0100000000 92.6517665694 29.5897589217 3.1312105926
1.5 0.1000000000 14.1942066240 3.9658883747 3.5790736610
1.6 0.0010000000 187.4864576109 60.3368579540 3.1073288197
1.6 0.0100000000 94.5466974842 30.0199055079 3.1494668582
1.6 0.1000000000 14.3044829129 3.9704129869 3.6027695256
1.7 0.0010000000 187.7281114787 60.5615866665 3.0997885262
1.7 0.0100000000 94.5765658441 30.0939267017 3.1427127068
1.7 0.1000000000 14.2905125322 3.9642711477 3.6048272178
1.8 0.0010000000 192.7951978056 61.6209510301 3.1287280476
1.8 0.0100000000 96.2184486440 30.3294325161 3.1724447397
1.8 0.1000000000 14.4557547680 3.9675492492 3.6434972473
1.9 0.0010000000 195.8180149849 62.5549176705 3.1303376661
1.9 0.0100000000 97.2019399548 30.6178522999 3.1746818491
1.9 0.1000000000 14.5592320667 3.9877988616 3.6509444362
2.0 0.0010000000 200.4394365825 63.5741974840 3.1528425763
2.0 0.0100000000 98.5453601346 30.8224075859 3.1971986569
2.0 0.1000000000 14.6619469319 3.9901726577 3.6745144107
2.1 0.0010000000 208.6699825908 65.1598950906 3.2024296893
2.1 0.0100000000 101.0201161953 31.1056393352 3.2476463546
2.1 0.1000000000 14.8997819058 3.9890053856 3.7352122811
2.2 0.0010000000 215.1704965775 66.6739800734 3.2272034209
2.2 0.0100000000 102.9634360085 31.4578660107 3.2730585086
2.2 0.1000000000 15.0716882830 3.9996266804 3.7682737633
2.3 0.0010000000 219.1231540499 68.2322051474 3.2114329821
2.3 0.0100000000 104.0076650157 31.9366763151 3.2566840704
2.3 0.1000000000 15.1330053349 4.0404011240 3.7454215238
2.4 0.0010000000 226.3554551839 69.6548316883 3.2496734210
2.4 0.0100000000 106.0239875676 32.1651807644 3.2962347808
2.4 0.1000000000 15.2977024725 4.0269662642 3.7988156515
2.5 0.0010000000 225.9569064625 69.3264479287 3.2593175219
2.5 0.0100000000 105.9640321290 32.0589033270 3.3052918576
2.5 0.1000000000 15.3092677040 4.0276843994 3.8010097579
2.6 0.0010000000 230.4060277560 70.6963558378 3.2590934147
2.6 0.0100000000 107.1716734699 32.4227607672 3.3054456479
2.6 0.1000000000 15.4255360506 4.0518827582 3.8070045387
2.7 0.0010000000 230.6424258666 70.6033435052 3.2667351773
2.7 0.0100000000 107.2315283528 32.3553831370 3.3141789080
2.7 0.1000000000 15.4294205627 4.0319076365 3.8268288745
2.8 0.0010000000 236.1876919599 71.4415979460 3.3060247636
2.8 0.0100000000 108.8789620275 32.4651040285 3.3537228752
2.8 0.1000000000 15.5744203224 4.0257817178 3.8686698420
2.9 0.0010000000 236.0879557302 71.2369558098 3.3141219055
2.9 0.0100000000 108.8922031014 32.3854889996 3.3623763749
2.9 0.1000000000 15.5840527576 4.0133060007 3.8830960696
3.0 0.0010000000 243.8004446565 73.1488761997 3.3329349311
3.0 0.0100000000 111.2369313992 32.9000937291 3.3810521124
3.0 0.1000000000 15.8247395830 4.0576976166 3.8999307189
3.1 0.0010000000 243.3870934459 73.1444255453 3.3274865669
3.1 0.0100000000 111.0153318556 32.8858459448 3.3757785049
3.1 0.1000000000 15.7968708688 4.0547301506 3.8959117579
3.2 0.0010000000 243.5967677613 72.8623120838 3.3432478437
3.2 0.0100000000 111.1199520408 32.7545111891 3.3925083296
3.2 0.1000000000 15.8117512799 4.0275524044 3.9258958524
3.3 0.0010000000 243.5850487443 72.8802720216 3.3422631665
3.3 0.0100000000 111.0860199750 32.7566913860 3.3912466514
3.3 0.1000000000 15.7995526280 4.0307450180 3.9197598850
3.4 0.0010000000 243.5241363655 73.3055751409 3.3220411394
3.4 0.0100000000 111.0362403694 32.9432733683 3.3705284575
3.4 0.1000000000 15.7923193300 4.0570486429 3.8925634667
3.5 0.0010000000 243.7915663780 72.5897519943 3.3584846301
3.5 0.0100000000 111.2176863098 32.6239867549 3.4090771047
3.5 0.1000000000 15.8369467865 4.0035443431 3.9557315791
3.6 0.0010000000 254.1975293662 73.6072778287 3.4534292921
3.6 0.0100000000 115.9022459681 33.0580507271 3.5060217835
3.6 0.1000000000 16.5649972080 4.0671729213 4.0728529444
3.7 0.0010000000 254.0724376421 73.5611877819 3.4538925390
3.7 0.0100000000 115.8771631723 33.0499686282 3.5061202168
3.7 0.1000000000 16.5647251980 4.0725088446 4.0674497785
3.8 0.0010000000 254.3156836817 73.5448922773 3.4579652754
3.8 0.0100000000 115.9780045871 33.0354880556 3.5107095858
3.8 0.1000000000 16.5806027482 4.0663188885 4.0775461056
3.9 0.0010000000 253.9380816705 73.9151940026 3.4355329117
3.9 0.0100000000 115.6366889882 33.1516834429 3.4881091088
3.9 0.1000000000 16.5062343203 4.0698326757 4.0557525666
4.0 0.0010000000 254.0914469185 73.8361880560 3.4412860903
4.0 0.0100000000 115.8520962633 33.1636729411 3.4933433480
4.0 0.1000000000 16.5570890516 4.0845975935 4.0535422823
4.1 0.0010000000 254.1158431867 73.5101421163 3.4568814026
4.1 0.0100000000 115.9331472429 33.0372584211 3.5091636771
4.1 0.1000000000 16.5810049606 4.0729607369 4.0709955317
4.2 0.0010000000 254.0398335842 73.6075234884 3.4512753798
4.2 0.0100000000 115.8920278855 33.0812993203 3.5032489735
4.2 0.1000000000 16.5724613882 4.0787602448 4.0631124150
4.3 0.0010000000 253.9913420371 73.5611704218 3.4527909301
4.3 0.0100000000 115.8325459140 33.0484037380 3.5049361788
4.3 0.1000000000 16.5593285849 4.0741003070 4.0645362993
4.4 0.0010000000 250.7749038912 73.9216949080 3.3924398541
4.4 0.0100000000 114.2758511149 33.1824046430 3.4438688921
4.4 0.1000000000 16.3142600750 4.0818844098 3.9967471974
4.5 0.0010000000 250.9584171688 73.5942927514 3.4100255303
4.5 0.0100000000 114.4037094536 33.0506710543 3.4614640431
4.5 0.1000000000 16.3297777853 4.0673200557 4.0148740600
4.6 0.0010000000 257.1168888158 74.7601799725 3.4392224432
4.6 0.0100000000 116.9826427806 33.5151005958 3.4904458200
4.6 0.1000000000 16.7098418708 4.1357334870 4.0403575141
4.7 0.0010000000 256.7346750101 74.1265371977 3.4634651060
4.7 0.0100000000 116.9427154836 33.2614952432 3.5158586416
4.7 0.1000000000 16.7276509377 4.1022716528 4.0776555902
4.8 0.0010000000 257.0466756129 73.9048791598 3.4780744998
4.8 0.0100000000 117.0204893267 33.1327924241 3.5318631713
4.8 0.1000000000 16.7320615732 4.0700782824 4.1109925687
4.9 0.0010000000 256.8821821962 74.3323448674 3.4558600654
4.9 0.0100000000 116.8471546832 33.3029932507 3.5086081844
4.9 0.1000000000 16.6903324780 4.0963121590 4.0744776839
5.0 0.0010000000 256.8486465400 74.4727173192 3.4488958613
5.0 0.0100000000 116.8870044990 33.3847124195 3.5012134605
5.0 0.1000000000 16.7075418095 4.1138858887 4.0612555286
5.1 0.0010000000 265.0692411642 75.4746340041 3.5120308255
5.1 0.0100000000 120.2883572376 33.7415785102 3.5649890298
5.1 0.1000000000 17.1841836434 4.1580383111 4.1327622204
5.2 0.0010000000 264.7059480415 74.9936447208 3.5297117379
5.2 0.0100000000 120.2148573551 33.5338400806 3.5848819302
5.2 0.1000000000 17.1979747191 4.1174937907 4.1768064733
5.3 0.0010000000 265.0569701837 75.1896915231 3.5251769866
5.3 0.0100000000 120.3079332278 33.6199096615 3.5784728287
5.3 0.1000000000 17.1877612057 4.1400540457 4.1515789446
5.4 0.0010000000 265.1428285357 75.2566768445 3.5231801304
5.4 0.0100000000 120.5148371843 33.6951025336 3.5766277032
5.4 0.1000000000 17.2464243343 4.1587717395 4.1469995024
5.5 0.0010000000 264.7343990510 75.6889052695 3.4976645270
5.5 0.0100000000 120.0906198908 33.8166766882 3.5512247699
5.5 0.1000000000 17.1629006085 4.1600073263 4.1256899958
5.6 0.0010000000 264.8798872303 74.7092510945 3.5454764082
5.6 0.0100000000 120.3755270930 33.4388503185 3.5998703887
5.6 0.1000000000 17.2211513279 4.1165416079 4.1834027123
5.7 0.0010000000 264.9795023642 74.7466370660 3.5450357737
5.7 0.0100000000 120.4366095701 33.4606573839 3.5993497733
5.7 0.1000000000 17.2365966205 4.1221094166 4.1814990526
5.8 0.0010000000 264.8222880412 74.5558512039 3.5519987200
5.8 0.0100000000 120.3560157391 33.3690362991 3.6068172500
5.8 0.1000000000 17.2199406484 4.1044446097 4.1954374552
5.9 0.0010000000 264.7765328859 75.1823235674 3.5217923618
5.9 0.0100000000 120.2692590087 33.6275324738 3.5765115714
5.9 0.1000000000 17.2089759474 4.1327728767 4.1640265412
6.0 0.0010000000 264.8446704802 74.8415260601 3.5387395798
6.0 0.0100000000 120.4385011342 33.5203753096 3.5929938141
6.0 0.1000000000 17.2500808069 4.1330705006 4.1736720446
6.1 0.0010000000 265.0884714884 75.3139623492 3.5197785805
6.1 0.0100000000 120.4373019183 33.7096401623 3.5727851540
6.1 0.1000000000 17.2247016070 4.1604835417 4.1400720456
6.2 0.0010000000 264.8131196746 74.1977180730 3.5690197293
6.2 0.0100000000 120.3644038063 33.2068911226 3.6246814964
6.2 0.1000000000 17.2250748962 4.0793321649 4.2225232465
6.3 0.0010000000 265.1971571297 74.3324025210 3.5677194351
6.3 0.0100000000 120.5243792132 33.2635134191 3.6233207748
6.3 0.1000000000 17.2424153965 4.0856560268 4.2202317776
6.4 0.0010000000 265.0862193257 75.0830658620 3.5305726569
6.4 0.0100000000 120.3740163482 33.5834108898 3.5843296782
6.4 0.1000000000 17.2079724272 4.1358633383 4.1606723965
6.5 0.0010000000 264.9387383250 75.1682564346 3.5246093350
6.5 0.0100000000 120.2423835263 33.6054884100 3.5780579071
6.5 0.1000000000 17.1773360303 4.1356554813 4.1534736411
6.6 0.0010000000 264.8741163465 74.6819238542 3.5466964786
6.6 0.0100000000 120.3436651075 33.4136461844 3.6016322326
6.6 0.1000000000 17.2145013379 4.1069179899 4.1915863380
6.7 0.0010000000 264.9197191091 75.1687264115 3.5243342778
6.7 0.0100000000 120.2630419229 33.6066932925 3.5785443357
6.7 0.1000000000 17.1936969333 4.1332038791 4.1598956733
6.8 0.0010000000 264.7787828484 75.3356837502 3.5146529462
6.8 0.0100000000 120.1447000072 33.6751140981 3.5677592556
6.8 0.1000000000 17.1639757875 4.1467895165 4.1390998312
6.9 0.0010000000 264.8479966610 74.8904802942 3.5364707987
6.9 0.0100000000 120.2463525401 33.4847350191 3.5910797105
6.9 0.1000000000 17.1958525448 4.1173854456 4.1764009641
7.0 0.0010000000 265.0672242643 74.9058844729 3.5386702411
7.0 0.0100000000 120.4117435350 33.5171522158 3.5925409999
7.0 0.1000000000 17.2166439703 4.1279305409 4.1707688150
7.1 0.0010000000 264.9829554007 74.6370607125 3.5502865851
7.1 0.0100000000 120.4250589657 33.4084546838 3.6046282327
7.1 0.1000000000 17.2288491332 4.1142440688 4.1876098853
7.2 0.0010000000 264.9677459486 74.8124461769 3.5417602216
7.2 0.0100000000 120.3005401562 33.4501182034 3.5964159954
7.2 0.1000000000 17.1913834886 4.1086082864 4.1842352179
7.3 0.0010000000 265.1231594658 75.0157111344 3.5342351016
7.3 0.0100000000 120.4556469328 33.5703357513 3.5881573490
7.3 0.1000000000 17.2278846782 4.1362969522 4.1650502557
7.4 0.0010000000 267.0320933256 74.8019603831 3.5698542118
7.4 0.0100000000 121.4112102937 33.4941332619 3.6248500400
7.4 0.1000000000 17.3756895056 4.1239093094 4.2134024301
7.5 0.0010000000 266.7753293659 74.5460114614 3.5786667071
7.5 0.0100000000 121.2148448862 33.3598800567 3.6335515799
7.5 0.1000000000 17.3369195061 4.1068202623 4.2214945868
7.6 0.0010000000 266.7822085074 75.0573471090 3.5543783358
7.6 0.0100000000 121.1018360490 33.5570936343 3.6088296969
7.6 0.1000000000 17.3024577593 4.1251354501 4.1943974855
7.7 0.0010000000 275.8248234108 76.0507909596 3.6268501607
7.7 0.0100000000 124.9062185755 33.9083475804 3.6836421556
7.7 0.1000000000 17.8859445558 4.1690343995 4.2901887684
7.8 0.0010000000 275.6045381519 76.0840824994 3.6223679001
7.8 0.0100000000 124.7391310658 33.8995098168 3.6796735923
7.8 0.1000000000 17.8599007597 4.1618100460 4.2913781654
7.9 0.0010000000 275.6052454194 76.1970331477 3.6170075662
7.9 0.0100000000 124.7218509851 33.9453962455 3.6741904582
7.9 0.1000000000 17.8496394172 4.1630008962 4.2876857013
8.0 0.0010000000 275.9386364664 75.9399017243 3.6336448982
8.0 0.0100000000 125.0045158160 33.8656206465 3.6911922306
8.0 0.1000000000 17.9013388185 4.1564488857 4.3068829452
8.1 0.0010000000 275.7039230644 76.4210994816 3.6076937513
8.1 0.0100000000 124.8172719888 34.0691725924 3.6636425980
8.1 0.1000000000 17.8676308536 4.1939807988 4.2603034469
8.2 0.0010000000 275.5667424746 75.5834870056 3.6458590810
8.2 0.0100000000 124.8845696130 33.7235666813 3.7031839127
8.2 0.1000000000 17.8984357402 4.1467754711 4.3162297706
8.3 0.0010000000 275.5855774993 76.5081285081 3.6020431145
8.3 0.0100000000 124.6485750310 34.0763967874 3.6579153544
8.3 0.1000000000 17.8271597310 4.1897748272 4.2549207216
8.4 0.0010000000 275.4561286832 76.3312685072 3.6086931879
8.4 0.0100000000 124.7341427695 34.0318436041 3.6652185001
8.4 0.1000000000 17.8656814184 4.1855933619 4.2683748452
8.5 0.0010000000 275.8031585465 76.2593479092 3.6166472191
8.5 0.0100000000 124.8748355216 33.9969355097 3.6731203460
8.5 0.1000000000 17.8789520661 4.1813612161 4.2758688240
8.6 0.0010000000 275.6927021799 76.2016553195 3.6179358706
8.6 0.0100000000 124.8635308158 33.9841060883 3.6741743476
8.6 0.1000000000 17.8781651344 4.1832850234 4.2737143261
8.7 0.0010000000 275.9548327882 76.3651007041 3.6136249444
8.7 0.0100000000 124.8918303184 34.0257423081 3.6705100858
8.7 0.1000000000 17.8744280234 4.1790170200 4.2771847872
8.8 0.0010000000 275.7216762158 75.9083559396 3.6322967716
8.8 0.0100000000 124.9140626683 33.8567069317 3.6894923928
8.8 0.1000000000 17.8866654622 4.1599944138 4.2996849714
8.9 0.0010000000 275.7561750130 75.9671933026 3.6299376484
8.9 0.0100000000 124.8997854207 33.8779534730 3.6867570977
8.9 0.1000000000 17.8844841888 4.1639816950 4.2950439024
9.0 0.0010000000 275.8779851289 76.0942487890 3.6254774772
9.0 0.0100000000 124.9599874951 33.9332376215 3.6825247531
9.0 0.1000000000 17.8926520764 4.1691352213 4.2916938709
9.1 0.0010000000 275.7001650549 75.6915416793 3.6424170910
9.1 0.0100000000 124.9223722245 33.7689668766 3.6993246693
9.1 0.1000000000 17.8914914758 4.1540261943 4.3070242312
9.2 0.0010000000 275.5865913866 76.3841926009 3.6079008235
9.2 0.0100000000 124.6535879795 34.0167995711 3.6644713657
9.2 0.1000000000 17.8335678019 4.1748454045 4.2716714211
9.3 0.0010000000 275.4359811514 76.0698042156 3.6208319976
9.3 0.0100000000 124.6703355121 33.8926785171 3.6783854498
9.3 0.1000000000 17.8488343789 4.1577379560 4.2929195076
9.4 0.0010000000 275.8251880799 76.3371118982 3.6132515525
9.4 0.0100000000 124.8314612200 34.0164632028 3.6697366353
9.4 0.1000000000 17.8672939683 4.1816227488 4.2728134606
9.5 0.0010000000 275.4003454153 75.9608958941 3.6255542036
9.5 0.0100000000 124.8104470442 33.8901386355 3.6827954110
9.5 0.1000000000 17.8937936018 4.1672964933 4.2938614112
9.6 0.0010000000 275.6044677126 75.7002788753 3.6407325284
9.6 0.0100000000 124.9207996093 33.7829549472 3.6977463873
9.6 0.1000000000 17.8986224736 4.1567570180 4.3059102074
9.7 0.0010000000 275.7190767366 76.2412440457 3.6164031711
9.7 0.0100000000 124.7982314842 33.9818259658 3.6724992827
9.7 0.1000000000 17.8544171037 4.1786959143 4.2727246658
9.8 0.0010000000 275.3197433252 76.1385153815 3.6160377169
9.8 0.0100000000 124.5344467330 33.9135916875 3.6721102230
9.8 0.1000000000 17.8159588797 4.1692103981 4.2732213485
9.9 0.0010000000 275.4646654074 76.1431270244 3.6177219950
9.9 0.0100000000 124.6972030963 33.9446546668 3.6735446073
9.9 0.1000000000 17.8423333000 4.1782259319 4.2703131881
10.0 0.0010000000 275.9591310727 75.9765486921 3.6321619740
10.0 0.0100000000 124.9487526217 33.8678833158 3.6892991350
10.0 0.1000000000 17.8799252476 4.1564888895 4.3016896527
12.5 0.0010000000 275.9591310727 75.9765486921 4.037431822586466
12.5 0.0100000000 124.9487526217 33.8678833158 4.102690437214584
12.5 0.1000000000 17.8799252476 4.1564888895 4.8010253001307115
